# Created by Octave 4.0.1, Thu Mar 07 01:36:31 2019 SE Asia Standard Time <unknown@DESKTOP-0UVQNJP>
# name: v
# type: matrix
# rows: 10
# columns: 1
 3999
 3299
 3698
 2320
 5319
 2999
 3149
 1989
 2120
 2425


